0      1  7 25 19 27  2 28 18 30  3 21 16 23 20 23 14 24 14 29  8 29 15
17     0 12 26  2 23 13 22 12 28  9 26 14 24 20 25  8 21 14 21  8 24  5
56     0 17 26  5 28 13 25 14 24 20 26 19 20 16 28 15 26  4 25  8 28 13
83     0  9 26  7 22  9 30 16 28  9 25  2 23  3 20 17 20 10 28 19 24 16
97     0  9 27  4 21  9 24  6 28 20 29 10 21 17 30  4 24  7 25 15 27 11
127    1 12 22  4 26  9 20 20 28  2 23 17 20 20 28 14 21  6 22 13 28 13
164    1 11 27  4 28  6 21  5 30  2 25 11 27  2 22 20 27  5 26  8 21 15
190    2 11 23  9 30 10 24  9 26 13 25  3 30  6 26 17 24 10 27  3 21 13
209    0 17 28  3 30 19 24 13 22 19 26  8 30 18 30  5 20 17 22 15 29 10
234    2 16 26  8 25  5 20 18 27  9 28 11 27 19 24 19 24 14 26  5 23  7
-1
